    0.046850683   0.038623669   0.037403806   0.033198862   0.029718628   0.025800505   0.023916809   0.021520325   0.020294666   0.023980126   0.024057291    0.02363426   0.024246114   0.021138579   0.025697163   0.023701831   0.032524272   0.032495413   0.029557541   0.028089907   0.026263042   0.024679191   0.023007393   0.022160636
    0.038623669   0.041905282   0.037867115   0.034834212    0.03265888   0.029584137    0.02905084   0.025950815   0.018676707   0.025160692   0.025648216    0.02544783   0.025452071   0.023420506   0.029323125   0.024843973   0.030645497   0.031476932   0.029948045   0.029597112    0.02926725   0.029083776   0.028452181   0.028788549
    0.037403806   0.037867115   0.043304237   0.035988796    0.03452444   0.032077122   0.031107065   0.026008401   0.018600187   0.024161438   0.024128928   0.023205277   0.023594038   0.025238428   0.030194035   0.026764878   0.028446568   0.030449758    0.03038725   0.030815222   0.031586702   0.030579424   0.030095618     0.0296637
    0.033198862   0.034834212   0.035988796   0.040637625    0.03826859   0.037181227   0.037463752    0.03540997   0.019608282    0.02125863   0.022729904   0.023563828   0.026577871   0.028608328   0.033024873   0.030483115   0.026808349   0.029682453   0.031530124   0.033170729   0.034863548   0.035509472   0.036832464   0.038227929
    0.029718628    0.03265888    0.03452444    0.03826859   0.044780233   0.042140942   0.044350643   0.044168788   0.019076451   0.022247561     0.0261035   0.024957577   0.030173527   0.030587659   0.034243808   0.032847794    0.02480606     0.0286368   0.031919889   0.035168631   0.037993699   0.040219696   0.042734166    0.04561767
    0.025800505   0.029584137   0.032077122   0.037181227   0.042140942   0.052843254   0.047367096   0.050809801   0.021090351   0.021699334   0.026797637   0.025903145   0.032460977   0.030391009    0.03445304   0.032905532   0.022707845    0.02718533   0.032028883   0.036420649   0.041427814   0.044630159   0.048463396    0.05199348
    0.023916809    0.02905084   0.031107065   0.037463752   0.044350643   0.047367096   0.061504818   0.057120968   0.018496647   0.020813903   0.029319651   0.025866279   0.035430994   0.034440393    0.03618261    0.03522682   0.022224789   0.026601353   0.031631265   0.036277982   0.041947334   0.047479188   0.052404578   0.055517199
    0.021520325   0.025950815   0.026008401    0.03540997   0.044168788   0.050809801   0.057120968   0.076480554   0.022873686   0.022624784   0.028886282    0.02432415   0.037345937   0.032840578   0.029090019    0.03508207   0.021683292   0.025999216   0.031910972   0.037145139   0.043534119   0.051216068   0.058233103    0.06296295
    0.020294666   0.018676707   0.018600187   0.019608282   0.019076451   0.021090351   0.018496647   0.022873686   0.081356362   0.020989021   0.024042824   0.023658295   0.022653106   0.023533932   0.021920646   0.023000356   0.020107345   0.019958261   0.019088932   0.018916536   0.017661879   0.017915339   0.018460816   0.019587313
    0.023980126   0.025160692   0.024161438    0.02125863   0.022247561   0.021699334   0.020813903   0.022624784   0.020989021   0.076445306    0.02397424   0.026899849   0.026295804   0.025597709   0.024832472    0.02202609   0.020582919   0.020833966   0.020053307   0.019546412   0.019541433   0.018863704   0.018391373   0.018215984
    0.024057291   0.025648216   0.024128928   0.022729904     0.0261035   0.026797637   0.029319651   0.028886282   0.024042824    0.02397424   0.085887426   0.028908502    0.03528148   0.026631881   0.031997413   0.026455594   0.021627633   0.022629205   0.022742993   0.023866198   0.024018367   0.024896663   0.025939504   0.026533796
     0.02363426    0.02544783   0.023205277   0.023563828   0.024957577   0.025903145   0.025866279    0.02432415   0.023658295   0.026899849   0.028908502   0.084658638    0.02992131   0.031448657   0.028911984   0.029422615   0.021381562   0.022528542   0.022833631    0.02355608   0.023850518   0.024225695   0.025441073   0.026329855
    0.024246114   0.025452071   0.023594038   0.026577871   0.030173527   0.032460977   0.035430994   0.037345937   0.022653106   0.026295804    0.03528148    0.02992131    0.10303354   0.032537039     0.0355879   0.041178519    0.02148235   0.023234547   0.024530006   0.026049889   0.026928635     0.0289328   0.031305217   0.034257383
    0.021138579   0.023420506   0.025238428   0.028608328   0.030587659   0.030391009   0.034440393   0.032840578   0.023533932   0.025597709   0.026631881   0.031448657   0.032537039    0.10657314   0.045514685   0.043131572   0.019998732   0.021997527   0.023849789   0.025388993   0.026441621     0.0279094    0.03063261   0.033583491
    0.025697163   0.029323125   0.030194035   0.033024873   0.034243808    0.03445304    0.03618261   0.029090019   0.021920646   0.024832472   0.031997413   0.028911984     0.0355879   0.045514685    0.16021411   0.051183295   0.022507809   0.025147532   0.026882156   0.028056051   0.029491725   0.029139324   0.030708243   0.032639785
    0.023701831   0.024843973   0.026764878   0.030483115   0.032847794   0.032905532    0.03522682    0.03508207   0.023000356    0.02202609   0.026455594   0.029422615   0.041178519   0.043131572   0.051183295    0.10180252   0.021885798   0.024153132   0.026630421   0.028932452    0.02981149   0.032543132   0.035200336   0.039202089
    0.032524272   0.030645497   0.028446568   0.026808349    0.02480606   0.022707845   0.022224789   0.021683292   0.020107345   0.020582919   0.021627633   0.021381562    0.02148235   0.019998732   0.022507809   0.021885798   0.037624124   0.031780182    0.02725973   0.024890118   0.022746644   0.022647026   0.022082358   0.022057236
    0.032495413   0.031476932   0.030449758   0.029682453     0.0286368    0.02718533   0.026601353   0.025999216   0.019958261   0.020833966   0.022629205   0.022528542   0.023234547   0.021997527   0.025147532   0.024153132   0.031780182   0.030444109   0.028306819    0.02752798   0.026614958   0.026639414   0.026474268   0.026852874
    0.029557541   0.029948045    0.03038725   0.031530124   0.031919889   0.032028883   0.031631265   0.031910972   0.019088932   0.020053307   0.022742993   0.022833631   0.024530006   0.023849789   0.026882156   0.026630421    0.02725973   0.028306819   0.029289241   0.030062808    0.03075803   0.031127615   0.031872453   0.033008811
    0.028089907   0.029597112   0.030815222   0.033170729   0.035168631   0.036420649   0.036277982   0.037145139   0.018916536   0.019546412   0.023866198    0.02355608   0.026049889   0.025388993   0.028056051   0.028932452   0.024890118    0.02752798   0.030062808   0.032752151   0.034470447   0.035472759   0.037123354   0.038947766
    0.026263042    0.02926725   0.031586702   0.034863548   0.037993699   0.041427814   0.041947334   0.043534119   0.017661879   0.019541433   0.024018367   0.023850518   0.026928635   0.026441621   0.029491725    0.02981149   0.022746644   0.026614958    0.03075803   0.034470447   0.039375979   0.041139535   0.043955863   0.046364267
    0.024679191   0.029083776   0.030579424   0.035509472   0.040219696   0.044630159   0.047479188   0.051216068   0.017915339   0.018863704   0.024896663   0.024225695     0.0289328     0.0279094   0.029139324   0.032543132   0.022647026   0.026639414   0.031127615   0.035472759   0.041139535   0.047671703   0.051718066   0.055075032
    0.023007393   0.028452181   0.030095618   0.036832464   0.042734166   0.048463396   0.052404578   0.058233103   0.018460816   0.018391373   0.025939504   0.025441073   0.031305217    0.03063261   0.030708243   0.035200336   0.022082358   0.026474268   0.031872453   0.037123354   0.043955863   0.051718066   0.061323042    0.06416234
    0.022160636   0.028788549     0.0296637   0.038227929    0.04561767    0.05199348   0.055517199    0.06296295   0.019587313   0.018215984   0.026533796   0.026329855   0.034257383   0.033583491   0.032639785   0.039202089   0.022057236   0.026852874   0.033008811   0.038947766   0.046364267   0.055075032    0.06416234   0.078275336
