0.055859833	0.044023651	0.039780754	0.032931166	0.029356998	0.024752540	0.025218013	0.019557150 0.019265166 0.023748040 0.023180822 0.023780988 0.023575777 0.019121034 0.024018058 0.022326633 0.034076587 0.033558402 0.029514272 0.027369568 0.025130439 0.023327442 0.020776476 0.018821151
0.044023651	0.047440398	0.039687701	0.035304613	0.031692619	0.028949086	0.030386098	0.024242588 0.018047498	0.025811014 0.025344815	0.025895033 0.025044915	0.022032182 0.029046623	0.022803939 0.032034347	0.032277866 0.029915304	0.028918198 0.028194113	0.027188752 0.025644918	0.024959424
0.039780754	0.039687701	0.045372779	0.036701391	0.035908419	0.034017995	0.035556161	0.030415523 0.018080507	0.023853564 0.023938674	0.023570526 0.023409877	0.025274901 0.029554326	0.026039677 0.028815297	0.030571184 0.030457216	0.030763164 0.031371755	0.030202931 0.029245256	0.028239491
0.032931166	0.035304613	0.036701391	0.043440201	0.041388004	0.041099736	0.041742610	0.044641708 0.020185631	0.021279949 0.023795135	0.023900382 0.028241968	0.027923897 0.031774048	0.030782823 0.027182018	0.029878274 0.031904616	0.033706449 0.035256235	0.035958999 0.037136848	0.038132543
0.029356998	0.031692619	0.035908419	0.041388004	0.048427579	0.046016488	0.048500813	0.054681296 0.019311763	0.020366855 0.025644150	0.024258996 0.030266304	0.030170176 0.033470097	0.033472203 0.024945842	0.028711278 0.032240394	0.035691358 0.038320406	0.040212370 0.042298276	0.044454695
0.024752540	0.028949086	0.034017995	0.041099736	0.046016488	0.060965102	0.053205591	0.063675822 0.020429528	0.020815340 0.025640936	0.024582271 0.031020615	0.029656130 0.034860299	0.033646940 0.022092301	0.026854626 0.032215087	0.036862114 0.042185599	0.044809747 0.047895360	0.050659072
0.025218013	0.030386098	0.035556161	0.041742610	0.048500813	0.053205591	0.072751019	0.071847564 0.016364338	0.018967426 0.027378713	0.021613983 0.031555268	0.033320476 0.038798525	0.034705020 0.022046576	0.026520450 0.031724685	0.036426368 0.042612308	0.047183433 0.051091410	0.052532774
0.019557150	0.024242588	0.030415523	0.044641708	0.054681296	0.063675822	0.071847564	0.110432100 0.020213379	0.018379019 0.027500055	0.021111640 0.036174195	0.034034913 0.030981852	0.038138360 0.020468961	0.025369199 0.032714142	0.039174908 0.047500359	0.056398813 0.064342264	0.068057615
0.019265166	0.018047498	0.018080507	0.020185631	0.019311763	0.020429528	0.016364338	0.020213379 0.080772284	0.020978604 0.024042885	0.023658295 0.022653106	0.023516164 0.021920646	0.023000864 0.020107345	0.019958261 0.019088932	0.018916535 0.017661879	0.017915339 0.018460815	0.019587313
0.023748040	0.025811014	0.023853564	0.021279949	0.020366855	0.020815340	0.018967426	0.018379019 0.020978604	0.076657018 0.023964429	0.026896920 0.026289230	0.025578146 0.024827390	0.022048928 0.020589150	0.020840365 0.020055074	0.019545546 0.019536393	0.018849451 0.018368812	0.018178785
0.023180822	0.025344815	0.023938674	0.023795135	0.025644150	0.025640936	0.027378713	0.027500055 0.024042885	0.023964429 0.085155501	0.028913016 0.035285167	0.026617134 0.032008000	0.026457293 0.021628519	0.022630580 0.022745055	0.023869906 0.024022491	0.024901410 0.025945230	0.026540645
0.023780988	0.025895033	0.023570526	0.023900382	0.024258996	0.024582271	0.021613983	0.021111640 0.023658295	0.026896920 0.028913016	0.085125767 0.029921310	0.031454848 0.028911984	0.029421176 0.021381562	0.022528542 0.022833633	0.023556080 0.023850518	0.024225694 0.025441073	0.026329854
0.023575777	0.025044915	0.023409877	0.028241968	0.030266304	0.031020615	0.031555268	0.036174195 0.022653106	0.026289230 0.035285167	0.029921310 0.102655240	0.032517256 0.035587900	0.041175839 0.021482350	0.023234547 0.024530007	0.026049890 0.026928635	0.028932800 0.031305216	0.034257384
0.019121034	0.022032182	0.025274901	0.027923897	0.030170176	0.029656130	0.033320476	0.034034913 0.023516164	0.025578146 0.026617134	0.031454848 0.032517256	0.107530280 0.045556098	0.043150504 0.019993907	0.021990638 0.023841923	0.025377029 0.026430500	0.027899567 0.030618886	0.033578442
0.024018058	0.029046623	0.029554326	0.031774048	0.033470097	0.034860299	0.038798525	0.030981852 0.021920646	0.024827390 0.032008000	0.028911984 0.035587900	0.045556098 0.160643320	0.051176260 0.022507809	0.025147533 0.026882156	0.028056052 0.029491727	0.029139323 0.030708242	0.032639785
0.022326633	0.022803939	0.026039677	0.030782823	0.033472203	0.033646940	0.034705020	0.038138360 0.023000864	0.022048928 0.026457293	0.029421176 0.041175839	0.043150504 0.051176260	0.102213410 0.021885753	0.024152222 0.026628760	0.028929853 0.029808095	0.032538701 0.035194788	0.039195599
0.034076587	0.032034347	0.028815297	0.027182018	0.024945842	0.022092301	0.022046576	0.020468961 0.020107345	0.020589150 0.021628519	0.021381562 0.021482350	0.019993907 0.022507809	0.021885753 0.037624123	0.031780181 0.027259731	0.024890116 0.022746644	0.022647027 0.022082356	0.022057235
0.033558402	0.032277866	0.030571184	0.029878274	0.028711278	0.026854626	0.026520450	0.025369199 0.019958261	0.020840365 0.022630580	0.022528542 0.023234547	0.021990638 0.025147533	0.024152222 0.031780181	0.030444108 0.028306819	0.027527979 0.026614958	0.026639414 0.026474268	0.026852874
0.029514272	0.029915304	0.030457216	0.031904616	0.032240394	0.032215087	0.031724685	0.032714142 0.019088932	0.020055074 0.022745055	0.022833633 0.024530007	0.023841923 0.026882156	0.026628760 0.027259731	0.028306819 0.029289242	0.030062810 0.030758031	0.031127615 0.031872455	0.033008812
0.027369568	0.028918198	0.030763164	0.033706449	0.035691358	0.036862114	0.036426368	0.039174908 0.018916535	0.019545546 0.023869906	0.023556080 0.026049890	0.025377029 0.028056052	0.028929853 0.024890116	0.027527979 0.030062810	0.032752154 0.034470450	0.035472759 0.037123358	0.038947771
0.025130439	0.028194113	0.031371755	0.035256235	0.038320406	0.042185599	0.042612308	0.047500359 0.017661879	0.019536393 0.024022491	0.023850518 0.026928635	0.026430500 0.029491727	0.029808095 0.022746644	0.026614958 0.030758031	0.034470450 0.039375979	0.041139532 0.043955866	0.046364269
0.023327442	0.027188752	0.030202931	0.035958999	0.040212370	0.044809747	0.047183433	0.056398813 0.017915339	0.018849451 0.024901410	0.024225694 0.028932800	0.027899567 0.029139323	0.032538701 0.022647027	0.026639414 0.031127615	0.035472759 0.041139532	0.047671697 0.051718066	0.055075030
0.020776476	0.025644918	0.029245256	0.037136848	0.042298276	0.047895360	0.051091410	0.064342264 0.018460815	0.018368812 0.025945230	0.025441073 0.031305216	0.030618886 0.030708242	0.035194788 0.022082356	0.026474268 0.031872455	0.037123358 0.043955866	0.051718066 0.061323047	0.064162346
0.018821151	0.024959424	0.028239491	0.038132543	0.044454695	0.050659072	0.052532774	0.068057615 0.019587313	0.018178785 0.026540645	0.026329854 0.034257384	0.033578442 0.032639785	0.039195599 0.022057235	0.026852874 0.033008812	0.038947771 0.046364269	0.055075030 0.064162346	0.078275339
