0.1181336   0.086084706   0.060527642    0.06107972   0.051522256    0.04032661   0.025093842   0.015033074  0.0058174817  0.0099609386  -0.011447501   0.022987409   0.032703168   0.032690686   0.024343194   0.027209549   0.028846833   0.025105398   0.022091838    0.01859797   0.016776507   0.012950163   0.043244038   0.037132037   0.025559475   0.018712976   0.011656188  0.0088835341  0.0035125828-0.00039677134
0.086084706   0.080319068   0.053248102   0.053575133   0.048427895   0.040623903   0.027133893   0.020218426   0.012676469   0.015919853 -0.0011234361   0.018258496    0.02904826   0.027897132   0.022814712   0.024806802   0.027971244   0.024968422   0.020496651   0.020420824   0.018422384   0.013725286    0.03824934   0.034622134   0.026626784    0.02229157   0.017713671   0.015318427   0.010763129  0.0066121496
0.060527642   0.053248102   0.048439845    0.04387213   0.041307102   0.035799456   0.030194694   0.026267977   0.022469187   0.023579028   0.015582199    0.01296994   0.019640868   0.021219954   0.022574716    0.02419168   0.026460642   0.024373056   0.025599171   0.022227517   0.022283557   0.019257173   0.034092056   0.032312072    0.02777689    0.02541525   0.022627831   0.021784831   0.019533287   0.017322279
 0.06107972   0.053575133    0.04387213   0.050576877   0.042589819    0.03778224   0.030677737   0.026696962   0.022810246     0.0240426   0.012409228   0.014809712   0.020806998   0.022661505   0.019934517   0.023935363   0.026078525   0.024888564   0.026238012   0.021573611   0.020983911    0.02029947   0.032425916   0.032058463   0.027914447   0.025808963   0.023272055   0.021536485   0.018369394   0.015903916
0.051522256   0.048427895   0.041307102   0.042589819   0.043456526   0.038150031   0.032282114   0.029781151   0.027068287   0.028460177   0.020508235   0.010539973   0.017662453   0.019871937   0.019213954   0.024375356   0.026980574   0.025384303   0.025439056   0.024691453   0.024119587   0.021745493   0.030449792   0.031055434   0.028642983   0.027543633    0.02634691   0.025188709   0.023040194   0.021097092
0.04032661   0.040623903   0.035799456    0.03778224   0.038150031   0.039495326   0.033283345   0.032428722   0.031190147   0.032022122   0.025761697  0.0095917837   0.016055801   0.017975775   0.017380781   0.022376656   0.025866235   0.024974273   0.024827417   0.024090621   0.024479737   0.023192274   0.027279695   0.029208535   0.028922072   0.029034399   0.029118449   0.027901133   0.026024927    0.02491086
0.025093842   0.027133893   0.030194694   0.030677737   0.032282114   0.033283345   0.037967225   0.037746691   0.038369146   0.037404602   0.041011399  0.0059605505    0.01012749   0.012270647   0.019055119    0.02165424   0.024133976   0.023531291   0.026897233   0.026796397    0.02806312   0.027963437   0.025082222   0.027958214   0.030158412    0.03195312   0.033110156   0.033580007   0.033967083   0.033994397
0.015033074   0.020218426   0.026267977   0.026696962   0.029781151   0.032428722   0.037746691   0.043840074   0.043522529   0.043678066   0.050444026  0.0025158871   0.006481838   0.010239095   0.017899358   0.022075263   0.024424711   0.023982687   0.027562281   0.027148537   0.030510998   0.029784023   0.022856737    0.02671899   0.030547661   0.033799282   0.036385348   0.037867696    0.03932203   0.039693139
0.0058174817   0.012676469   0.022469187   0.022810246   0.027068287   0.031190147   0.038369146   0.043522529    0.05303272   0.049799529   0.061095388 0.00013586917  0.0033113532  0.0087222301    0.01758489   0.020602618   0.023701196   0.024699918   0.028749892   0.027140477   0.029768572   0.030676189   0.019832372   0.024724178   0.030405728   0.035085557   0.040194882   0.042201554   0.044535934   0.045580159
0.0099609386   0.015919853   0.023579028     0.0240426   0.028460177   0.032022122   0.037404602   0.043678066   0.049799529   0.061396132   0.065960111  0.0010807048  0.0042028529  0.0090803668   0.015090957   0.020147417   0.023735026   0.023811582   0.027897616   0.029189402    0.03191288   0.031186949   0.020102172   0.024518105   0.029811172   0.034264121   0.040261975   0.044292577   0.047423194   0.047114369
 -0.011447501 -0.0011234361   0.015582199   0.012409228   0.020508235   0.025761697   0.041011399   0.050444026   0.061095388   0.065960111    0.10370741 -0.0066443508 -0.0055798284  0.0010202673   0.017219569   0.019548684   0.023354501   0.022101837   0.030855737   0.030907262   0.033081216    0.03671685   0.016591891   0.021592031   0.029686675   0.036355396   0.045211466   0.053994809   0.062156787    0.06448236
 0.022987409   0.018258496    0.01296994   0.014809712   0.010539973  0.0095917837  0.0059605505  0.0025158871 0.00013586917  0.0010807048 -0.0066443508   0.029168077   0.014567501   0.011141896  0.0058976198  0.0027136102  0.0028805681  0.0028855941  0.0031004843  0.0029864428  0.0055025425  0.0056305097   0.010450345  0.0099437569  0.0081570941  0.0068500709  0.0043051443  0.0016825468  -0.001458987 -0.0024479636
0.032703168    0.02904826   0.019640868   0.020806998   0.017662453   0.016055801    0.01012749   0.006481838  0.0033113532  0.0042028529 -0.0055798284   0.014567501   0.036434637   0.015134463   0.010924293  0.0083311237   0.010632809   0.010592507   0.010132383  0.0048368936   0.010084642  0.0085953372   0.014940898   0.013922618   0.011172318  0.0093676362  0.0069451476  0.0042085994 0.00080925631 -0.0011173928
0.032690686   0.027897132   0.021219954   0.022661505   0.019871937   0.017975775   0.012270647   0.010239095  0.0087222301  0.0090803668  0.0010202673   0.011141896   0.015134463   0.034115636   0.011194457   0.014237388   0.013855996   0.014567446   0.014823985   0.012562162   0.010941727   0.011250154   0.016053334    0.01594941   0.013632768   0.012330899   0.010701061  0.0087803271  0.0058931188  0.0054986179
0.024343194   0.022814712   0.022574716   0.019934517   0.019213954   0.017380781   0.019055119   0.017899358    0.01758489   0.015090957   0.017219569  0.0058976198   0.010924293   0.011194457   0.047017263      0.018826   0.019352732   0.020838865   0.021200452    0.02051404   0.020267399   0.017995994   0.019464402   0.018944765   0.017814543   0.017415891   0.015912651   0.016089293    0.01601074   0.016272261
0.027209549   0.024806802    0.02419168   0.023935363   0.024375356   0.022376656    0.02165424   0.022075263   0.020602618   0.020147417   0.019548684  0.0027136102  0.0083311237   0.014237388      0.018826   0.049213063   0.023131766   0.024055796   0.023996063    0.02331704   0.020419637   0.019293615   0.020071965   0.020041267   0.019057797   0.018684305   0.018385376   0.018722673   0.019096802   0.018945769
0.028846833   0.027971244   0.026460642   0.026078525   0.026980574   0.025866235   0.024133976   0.024424711   0.023701196   0.023735026   0.023354501  0.0028805681   0.010632809   0.013855996   0.019352732   0.023131766    0.05486646   0.027209329   0.031208025   0.024361258    0.02595051   0.023867602   0.021903315   0.022411516   0.021691123   0.021925308   0.021882802   0.022355077   0.022540426   0.023858562
0.025105398   0.024968422   0.024373056   0.024888564   0.025384303   0.024974273   0.023531291   0.023982687   0.024699918   0.023811582   0.022101837  0.0028855941   0.010592507   0.014567446   0.020838865   0.024055796   0.027209329   0.054754762   0.028222923   0.028643274   0.025843107   0.026955198   0.020783569   0.021742006   0.021763475   0.022180843   0.022867654   0.023176896   0.023662735   0.024880547
0.022091838   0.020496651   0.025599171   0.026238012   0.025439056   0.024827417   0.026897233   0.027562281   0.028749892   0.027897616   0.030855737  0.0031004843   0.010132383   0.014823985   0.021200452   0.023996063   0.031208025   0.028222923   0.068617727   0.029266781    0.03469905    0.03516922   0.021593063   0.022991807   0.023732574   0.024538801   0.024652758   0.025650744    0.02661847   0.029031222
0.01859797   0.020420824   0.022227517   0.021573611   0.024691453   0.024090621   0.026796397   0.027148537   0.027140477   0.029189402   0.030907262  0.0029864428  0.0048368936   0.012562162    0.02051404    0.02331704   0.024361258   0.028643274   0.029266781   0.069561983   0.036448163   0.039351298   0.019456445   0.021523197   0.023174635   0.024564041   0.025199456   0.026005157   0.027315082   0.029031581
0.016776507   0.018422384   0.022283557   0.020983911   0.024119587   0.024479737    0.02806312   0.030510998   0.029768572    0.03191288   0.033081216  0.0055025425   0.010084642   0.010941727   0.020267399   0.020419637    0.02595051   0.025843107    0.03469905   0.036448163   0.096742514   0.046894775   0.019282923   0.022666503   0.025098846   0.027056674   0.028035551   0.028848064   0.029857431   0.030603659
0.012950163   0.013725286   0.019257173    0.02029947   0.021745493   0.023192274   0.027963437   0.029784023   0.030676189   0.031186949    0.03671685  0.0056305097  0.0085953372   0.011250154   0.017995994   0.019293615   0.023867602   0.026955198    0.03516922   0.039351298   0.046894775   0.074876448   0.019510442   0.022175625   0.025039589   0.027310723   0.028086827   0.029668694   0.030964119   0.032812607
0.043244038    0.03824934   0.034092056   0.032425916   0.030449792   0.027279695   0.025082222   0.022856737   0.019832372   0.020102172   0.016591891   0.010450345   0.014940898   0.016053334   0.019464402   0.020071965   0.021903315   0.020783569   0.021593063   0.019456445   0.019282923   0.019510442    0.03504881   0.029885467   0.025457828   0.023080197   0.020647318   0.020502592   0.019505688   0.019230864
0.037132037   0.034622134   0.032312072   0.032058463   0.031055434   0.029208535   0.027958214    0.02671899   0.024724178   0.024518105   0.021592031  0.0099437569   0.013922618    0.01594941   0.018944765   0.020041267   0.022411516   0.021742006   0.022991807   0.021523197   0.022666503   0.022175625   0.029885467   0.028878347   0.026890187   0.026110208   0.024909854   0.024717021   0.023938422   0.023844045
0.025559475   0.026626784    0.02777689   0.027914447   0.028642983   0.028922072   0.030158412   0.030547661   0.030405728   0.029811172   0.029686675  0.0081570941   0.011172318   0.013632768   0.017814543   0.019057797   0.021691123   0.021763475   0.023732574   0.023174635   0.025098846   0.025039589   0.025457828   0.026890187   0.028036032   0.028986594    0.02946944   0.029560274   0.029666367   0.030135005
0.018712976    0.02229157    0.02541525   0.025808963   0.027543633   0.029034399    0.03195312   0.033799282   0.035085557   0.034264121   0.036355396  0.0068500709  0.0093676362   0.012330899   0.017415891   0.018684305   0.021925308   0.022180843   0.024538801   0.024564041   0.027056674   0.027310723   0.023080197   0.026110208   0.028986594   0.031641173   0.033317164   0.033946989    0.03485049   0.035733672
0.011656188   0.017713671   0.022627831   0.023272055    0.02634691   0.029118449   0.033110156   0.036385348   0.040194882   0.040261975   0.045211466  0.0043051443  0.0069451476   0.010701061   0.015912651   0.018385376   0.021882802   0.022867654   0.024652758   0.025199456   0.028035551   0.028086827   0.020647318   0.024909854    0.02946944   0.033317164   0.037898004   0.039484436   0.041631743   0.042977755
0.0088835341   0.015318427   0.021784831   0.021536485   0.025188709   0.027901133   0.033580007   0.037867696   0.042201554   0.044292577   0.053994809  0.0016825468  0.0042085994  0.0087803271   0.016089293   0.018722673   0.022355077   0.023176896   0.025650744   0.026005157   0.028848064   0.029668694   0.020502592   0.024717021   0.029560274   0.033946989   0.039484436   0.044968137    0.04878457   0.050581609
0.0035125828   0.010763129   0.019533287   0.018369394   0.023040194   0.026024927   0.033967083    0.03932203   0.044535934   0.047423194   0.062156787  -0.001458987 0.00080925631  0.0058931188    0.01601074   0.019096802   0.022540426   0.023662735    0.02661847   0.027315082   0.029857431   0.030964119   0.019505688   0.023938422   0.029666367    0.03485049   0.041631743    0.04878457   0.056718821   0.058766739
-0.00039677134  0.0066121496   0.017322279   0.015903916   0.021097092    0.02491086   0.033994397   0.039693139   0.045580159   0.047114369    0.06448236 -0.0024479636 -0.0011173928  0.0054986179   0.016272261   0.018945769   0.023858562   0.024880547   0.029031222   0.029031581   0.030603659   0.032812607   0.019230864   0.023844045   0.030135005   0.035733672   0.042977755   0.050581609   0.058766739   0.067754511

