      0.054321      0.035177      0.032114      0.032669      0.027731      0.021146      0.017934      0.008896      0.018730      0.021364      0.021841      0.024363      0.014542      0.023670      0.011942      0.022533      0.029947      0.031063      0.027665      0.026607      0.025918      0.022355      0.017722      0.015886
      0.035177      0.037715      0.030568      0.030080      0.028313      0.027327      0.025777      0.024927      0.015378      0.018746      0.018499      0.024407      0.023065      0.021540      0.025106      0.019747      0.026450      0.028379      0.027912      0.028103      0.028260      0.026193      0.025300      0.024001
      0.032114      0.030568      0.036004      0.031449      0.030725      0.028783      0.027855      0.028384      0.018124      0.019284      0.019822      0.025154      0.023815      0.022728      0.027714      0.022079      0.025011      0.027469      0.027972      0.028999      0.029709      0.028290      0.028306      0.027683
      0.032669      0.030080      0.031449      0.036897      0.033004      0.031090      0.032500      0.029799      0.015614      0.020886      0.023259      0.028848      0.021119      0.026992      0.027196      0.026123      0.024844      0.027616      0.028331      0.029962      0.031259      0.030966      0.030962      0.030608
      0.027731      0.028313      0.030725      0.033004      0.040364      0.035030      0.038175      0.039782      0.017328      0.020209      0.019921      0.027104      0.022945      0.026349      0.030664      0.024410      0.023518      0.026348      0.028545      0.031050      0.033413      0.034239      0.035853      0.035972
      0.021146      0.027327      0.028783      0.031090      0.035030      0.051284      0.050075      0.058710      0.018357      0.016684      0.022721      0.028020      0.031835      0.031543      0.037432      0.021938      0.020807      0.024527      0.029330      0.033253      0.037668      0.040665      0.045839      0.047125
      0.017934      0.025777      0.027855      0.032500      0.038175      0.050075      0.073522      0.068259      0.017046      0.017190      0.024248      0.030033      0.030326      0.030948      0.040540      0.028711      0.021373      0.024856      0.030278      0.035069      0.040664      0.045793      0.053833      0.056031
      0.008896      0.024927      0.028384      0.029799      0.039782      0.058710      0.068259      0.103038      0.020149      0.012828      0.023985      0.028182      0.039121      0.035579      0.046864      0.026038      0.019373      0.023177      0.031599      0.038591      0.045939      0.053342      0.066324      0.068692
      0.018730      0.015378      0.018124      0.015614      0.017328      0.018357      0.017046      0.020149      0.038108      0.013609      0.015239      0.018360      0.016371      0.016289      0.020867      0.017903      0.016547      0.017103      0.017476      0.018321      0.018825      0.018197      0.019646      0.019974
      0.021364      0.018746      0.019284      0.020886      0.020209      0.016684      0.017190      0.012828      0.013609      0.036944      0.014042      0.021355      0.014371      0.023095      0.021914      0.023003      0.019025      0.019722      0.018553      0.018932      0.019387      0.018885      0.017637      0.016182
      0.021841      0.018499      0.019822      0.023259      0.019921      0.022721      0.024248      0.023985      0.015239      0.014042      0.039853      0.026192      0.021177      0.022268      0.023929      0.023989      0.016936      0.019275      0.019786      0.021056      0.022146      0.022626      0.022912      0.022555
      0.024363      0.024407      0.025154      0.028848      0.027104      0.028020      0.030033      0.028182      0.018360      0.021355      0.026192      0.050861      0.028485      0.028441      0.032678      0.033445      0.021513      0.023483      0.024044      0.025204      0.026652      0.026684      0.026957      0.026737
      0.014542      0.023065      0.023815      0.021119      0.022945      0.031835      0.030326      0.039121      0.016371      0.014371      0.021177      0.028485      0.049592      0.023908      0.036244      0.021599      0.017979      0.019360      0.022490      0.024268      0.026365      0.027998      0.031573      0.031977
      0.023670      0.021540      0.022728      0.026992      0.026349      0.031543      0.030948      0.035579      0.016289      0.023095      0.022268      0.028441      0.023908      0.063500      0.038432      0.039323      0.020373      0.022086      0.023030      0.024869      0.026104      0.027291      0.028689      0.029651
      0.011942      0.025106      0.027714      0.027196      0.030664      0.037432      0.040540      0.046864      0.020867      0.021914      0.023929      0.032678      0.036244      0.038432      0.074795      0.033243      0.019056      0.021127      0.024852      0.027753      0.030222      0.031553      0.037664      0.037113
      0.022533      0.019747      0.022079      0.026123      0.024410      0.021938      0.028711      0.026038      0.017903      0.023003      0.023989      0.033445      0.021599      0.039323      0.033243      0.066611      0.022873      0.022443      0.022505      0.023696      0.024141      0.025083      0.025233      0.026189
      0.029947      0.026450      0.025011      0.024844      0.023518      0.020807      0.021373      0.019373      0.016547      0.019025      0.016936      0.021513      0.017979      0.020373      0.019056      0.022873      0.029982      0.027247      0.025529      0.025380      0.024685      0.024072      0.023178      0.022228
      0.031063      0.028379      0.027469      0.027616      0.026348      0.024527      0.024856      0.023177      0.017103      0.019722      0.019275      0.023483      0.019360      0.022086      0.021127      0.022443      0.027247      0.027797      0.026950      0.027301      0.027396      0.026399      0.025444      0.024892
      0.027665      0.027912      0.027972      0.028331      0.028545      0.029330      0.030278      0.031599      0.017476      0.018553      0.019786      0.024044      0.022490      0.023030      0.024852      0.022505      0.025529      0.026950      0.027983      0.029308      0.030402      0.030404      0.031052      0.030986
      0.026607      0.028103      0.028999      0.029962      0.031050      0.033253      0.035069      0.038591      0.018321      0.018932      0.021056      0.025204      0.024268      0.024869      0.027753      0.023696      0.025380      0.027301      0.029308      0.031743      0.033606      0.034424      0.036157      0.036488
      0.025918      0.028260      0.029709      0.031259      0.033413      0.037668      0.040664      0.045939      0.018825      0.019387      0.022146      0.026652      0.026365      0.026104      0.030222      0.024141      0.024685      0.027396      0.030402      0.033606      0.036942      0.038613      0.041549      0.042238
      0.022355      0.026193      0.028290      0.030966      0.034239      0.040665      0.045793      0.053342      0.018197      0.018885      0.022626      0.026684      0.027998      0.027291      0.031553      0.025083      0.024072      0.026399      0.030404      0.034424      0.038613      0.042667      0.047002      0.048180
      0.017722      0.025300      0.028306      0.030962      0.035853      0.045839      0.053833      0.066324      0.019646      0.017637      0.022912      0.026957      0.031573      0.028689      0.037664      0.025233      0.023178      0.025444      0.031052      0.036157      0.041549      0.047002      0.055739      0.056643
      0.015886      0.024001      0.027683      0.030608      0.035972      0.047125      0.056031      0.068692      0.019974      0.016182      0.022555      0.026737      0.031977      0.029651      0.037113      0.026189      0.022228      0.024892      0.030986      0.036488      0.042238      0.048180      0.056643      0.061113
